E2-2
634528958 36.3673981 127.3637097
4725215922 36.3674462 127.3638063
634528962 36.3677069 127.3643303
634528967 36.3675444 127.3644550
2325030440 36.3674521 127.3642694
4725215923 36.3674026 127.3641699
634528959 36.3672357 127.3638344
634528958 36.3673981 127.3637097
E2-1
634528960 36.3671772 127.3642994
4725215924 36.3671990 127.3643397
2325030439 36.3672472 127.3644288
2325030441 36.3673551 127.3646281
634528969 36.3675208 127.3649343
634528966 36.3673752 127.3650558
634528961 36.3670316 127.3644210
634528960 36.3671772 127.3642994
E6-1
634528965 36.3696145 127.3643311
2325055262 36.3695737 127.3645696
634528998 36.3695145 127.3648776
634528997 36.3693678 127.3648362
634528963 36.3694679 127.3642897
634528965 36.3696145 127.3643311
E3-4
634529002 36.3694995 127.3662701
634529001 36.3692182 127.3664981
634529000 36.3691084 127.3662892
634528999 36.3693897 127.3660612
634529002 36.3694995 127.3662701
E3-3
634529004 36.3690827 127.3666830
634529003 36.3688818 127.3663265
634528991 36.3687382 127.3664513
634529005 36.3689391 127.3668078
634529004 36.3690827 127.3666830
E3
634528979 36.3687453 127.3646324
4731570356 36.3687159 127.3646557
4731570359 36.3686847 127.3646802
4731570355 36.3684456 127.3648685
4731570354 36.3684649 127.3649135
634528981 36.3682374 127.3651030
4731570350 36.3681683 127.3650893
4731570353 36.3681279 127.3650813
634528970 36.3679607 127.3650481
634528971 36.3678973 127.3649264
634528972 36.3679823 127.3648504
634528982 36.3681384 127.3648850
634528983 36.3686056 127.3644960
4731570333 36.3686509 127.3644992
4731570332 36.3686897 127.3645238
634528979 36.3687453 127.3646324
E3-1
634528986 36.3682037 127.3652901
634528984 36.3681305 127.3656867
634528985 36.3683812 127.3657495
4731570363 36.3683973 127.3657784
4731570360 36.3684278 127.3658332
4731570361 36.3684094 127.3659468
634528993 36.3682053 127.3659071
634528994 36.3681626 127.3662085
634528987 36.3680050 127.3661658
634528988 36.3680363 127.3659655
634528989 36.3677866 127.3659074
634528975 36.3678203 127.3656871
634528974 36.3679571 127.3657204
634528973 36.3680398 127.3652457
4731570352 36.3680990 127.3652617
4731570351 36.3681389 127.3652726
634528986 36.3682037 127.3652901
E19
634528995 36.3683735 127.3662955
634528996 36.3687773 127.3670643
634529011 36.3684274 127.3673117
634529012 36.3681851 127.3672783
634528990 36.3678406 127.3666699
634528995 36.3683735 127.3662955
W2
634537422 36.3672351 127.3612982
4722056309 36.3670948 127.3610398
4722056310 36.3671329 127.3610029
4722056311 36.3669895 127.3607326
634537424 36.3669406 127.3607688
634537427 36.3667836 127.3604594
4722056312 36.3668300 127.3602050
634537416 36.3668941 127.3601618
634537431 36.3670136 127.3604130
634537418 36.3670955 127.3603521
634537434 36.3671902 127.3605373
634537437 36.3671147 127.3605966
634537438 36.3672913 127.3609360
634537440 36.3673540 127.3608869
634537471 36.3675320 127.3612365
4722056308 36.3674628 127.3613000
4722056307 36.3674477 127.3612680
4722056305 36.3674050 127.3613073
4722056306 36.3673194 127.3613309
634537422 36.3672351 127.3612982
한국과학기술정보연구원
634537415 36.3661506 127.3593142
634537340 36.3658776 127.3587985
634537343 36.3652672 127.3592969
634537363 36.3655612 127.3598520
634537371 36.3656790 127.3597557
634537373 36.3655180 127.3594515
634537365 36.3658933 127.3591450
634537368 36.3660336 127.3594098
634537415 36.3661506 127.3593142
W1-3
634537459 36.3665837 127.3618637
634537456 36.3664276 127.3619800
4725218131 36.3662986 127.3617546
4725218132 36.3663210 127.3617361
2325089647 36.3660966 127.3612955
634537393 36.3660267 127.3611599
634537420 36.3661727 127.3610523
634537459 36.3665837 127.3618637
*NONAME*
634537466 36.3666253 127.3620844
634537465 36.3663998 127.3620319
634537469 36.3663495 127.3623468
634537462 36.3665720 127.3623993
4725218129 36.3666290 127.3623581
4725218130 36.3666616 127.3621515
634537466 36.3666253 127.3620844
*NONAME*
634537445 36.3660055 127.3620128
634537448 36.3658748 127.3619818
634537442 36.3658298 127.3622741
634537444 36.3659605 127.3623051
634537445 36.3660055 127.3620128
W1-2
634537397 36.3659288 127.3614343
634537454 36.3658258 127.3620113
634537451 36.3656470 127.3619621
634537395 36.3657501 127.3613851
634537397 36.3659288 127.3614343
W1-1
634537380 36.3650178 127.3615771
634537386 36.3651838 127.3616172
2325089643 36.3652247 127.3613562
2325089644 36.3652372 127.3612767
634537383 36.3652946 127.3609106
634537376 36.3651286 127.3608705
634537380 36.3650178 127.3615771
W1-1
634537403 36.3657806 127.3608851
634537405 36.3656288 127.3608524
634537400 36.3655660 127.3613027
634537408 36.3657178 127.3613354
2325089645 36.3657285 127.3612585
634537403 36.3657806 127.3608851
*NONAME*
634537413 36.3654024 127.3607009
634537411 36.3653712 127.3608524
634537392 36.3651460 127.3607808
634537389 36.3651772 127.3606293
634537413 36.3654024 127.3607009
*NONAME*
634537348 36.3659809 127.3593977
634537352 36.3658789 127.3592937
634537355 36.3657350 127.3593257
643085640 36.3656689 127.3594266
634537358 36.3656761 127.3595647
643085630 36.3657051 127.3596160
634537360 36.3657500 127.3596727
634537361 36.3659343 127.3596577
643085638 36.3659883 127.3595362
634537348 36.3659809 127.3593977
E14
634537473 36.3708373 127.3616306
634537481 36.3706928 127.3617526
634537478 36.3702769 127.3609928
634537475 36.3704215 127.3608708
634537473 36.3708373 127.3616306
물탱크
917103941 36.3700290 127.3576273
917103942 36.3700290 127.3576970
917103944 36.3699858 127.3577346
917103945 36.3699340 127.3577239
917103948 36.3699037 127.3576649
917103951 36.3699080 127.3575898
917103954 36.3699426 127.3575629
917103957 36.3699988 127.3575737
917103941 36.3700290 127.3576273
N6
917103994 36.3746402 127.3646721
917103997 36.3746447 127.3649448
917103998 36.3744679 127.3649493
917104003 36.3744634 127.3646766
917103994 36.3746402 127.3646721
N22
917104010 36.3745542 127.3639620
917104013 36.3745525 127.3643804
917104015 36.3746324 127.3643810
917104017 36.3746342 127.3639626
917104010 36.3745542 127.3639620
N26
917104062 36.3753833 127.3612855
917104072 36.3753790 127.3619078
917104073 36.3755647 127.3619185
917104074 36.3755734 127.3612908
917104062 36.3753833 127.3612855
N27
917104079 36.3754566 127.3604291
917104082 36.3754610 127.3609387
917104085 36.3756078 127.3609387
917104087 36.3756121 127.3604237
917104079 36.3754566 127.3604291
N22
917104135 36.3747671 127.3639439
917104136 36.3747687 127.3644857
917104137 36.3749263 127.3644850
917104139 36.3749248 127.3639432
917104135 36.3747671 127.3639439
N23
917104141 36.3756137 127.3639964
917104142 36.3756137 127.3641680
917104145 36.3753243 127.3641680
917104148 36.3753243 127.3639964
917104141 36.3756137 127.3639964
N24
917104155 36.3753545 127.3631381
917104158 36.3753458 127.3637389
917104161 36.3755445 127.3637282
917104164 36.3755575 127.3631434
917104155 36.3753545 127.3631381
N28
917104167 36.3753746 127.3622903
917104176 36.3753746 127.3628268
917104179 36.3755603 127.3628321
917104183 36.3755646 127.3622850
917104167 36.3753746 127.3622903
W7
917104196 36.3708810 127.3556372
917104197 36.3708724 127.3560449
917104199 36.3709588 127.3560556
2325081018 36.3709640 127.3558047
917104201 36.3709674 127.3556372
917104196 36.3708810 127.3556372
W7
917104215 36.3711996 127.3556550
2325081016 36.3711972 127.3557679
2325081015 36.3711954 127.3558589
917104219 36.3711910 127.3560680
917104222 36.3712601 127.3560788
917104225 36.3712730 127.3556496
917104215 36.3711996 127.3556550
W10
917104230 36.3714512 127.3566928
917104231 36.3715419 127.3570307
917104232 36.3714123 127.3570844
917104240 36.3713260 127.3567357
917104230 36.3714512 127.3566928
W9
917104251 36.3710374 127.3582127
917104253 36.3709975 127.3578981
4627656121 36.3710159 127.3578706
917104255 36.3710281 127.3578524
917104257 36.3709211 127.3576683
917104258 36.3708556 127.3576084
917104260 36.3707157 127.3577007
917104261 36.3705783 127.3578627
917104262 36.3705069 127.3579930
917104264 36.3705825 127.3581336
917104266 36.3706479 127.3582397
917104268 36.3708187 127.3582792
917104269 36.3708642 127.3582455
917104271 36.3709539 127.3583137
917104251 36.3710374 127.3582127
E18
917104280 36.3687177 127.3684051
917104281 36.3686247 127.3684813
917104289 36.3683771 127.3680148
917104292 36.3684702 127.3679386
917104280 36.3687177 127.3684051
W5
917104303 36.3692112 127.3564179
917104304 36.3692025 127.3569275
917104305 36.3691118 127.3569275
917104307 36.3691205 127.3564018
917104303 36.3692112 127.3564179
W5
917104309 36.3691988 127.3557408
917104312 36.3691901 127.3562504
917104318 36.3692549 127.3562504
917104320 36.3692722 127.3557354
917104309 36.3691988 127.3557408
W5
917104327 36.3695967 127.3561968
917104329 36.3695276 127.3561914
917104332 36.3695060 127.3566903
917104333 36.3695794 127.3566957
917104327 36.3695967 127.3561968
W5
917104335 36.3697266 127.3554143
917104336 36.3697094 127.3559185
917104338 36.3697742 127.3559292
917104339 36.3698001 127.3554250
917104335 36.3697266 127.3554143
W5
917104343 36.3700089 127.3558142
917104351 36.3700003 127.3563185
917104353 36.3700694 127.3563131
917104354 36.3700824 127.3558089
917104343 36.3700089 127.3558142
W3
917104372 36.3670975 127.3583987
917104373 36.3671753 127.3585489
917104375 36.3672185 127.3585220
917104377 36.3673610 127.3587795
917104380 36.3674474 127.3587044
917104382 36.3672746 127.3583665
917104386 36.3673222 127.3583343
2325088829 36.3672867 127.3582539
917104388 36.3672012 127.3580607
917104392 36.3669809 127.3580124
917104396 36.3669636 127.3581626
917104401 36.3671105 127.3581948
917104403 36.3671796 127.3583397
917104372 36.3670975 127.3583987
W3
917104413 36.3675972 127.3581310
917104414 36.3677656 127.3584690
917104418 36.3676576 127.3585494
917104421 36.3674892 127.3582061
917104425 36.3675324 127.3581739
2325088833 36.3675143 127.3581393
2325088834 36.3674848 127.3580832
917104428 36.3674114 127.3579433
917104429 36.3672602 127.3579003
917104431 36.3672689 127.3577716
917104432 36.3674892 127.3578038
2325088832 36.3675850 127.3579998
2325088830 36.3676161 127.3580635
917104433 36.3676360 127.3581042
917104413 36.3675972 127.3581310
W3
917104442 36.3678577 127.3578638
917104445 36.3680465 127.3582474
917104447 36.3679640 127.3583100
917104449 36.3677834 127.3579430
917104451 36.3678119 127.3579213
2325088835 36.3677794 127.3578551
917104453 36.3676767 127.3576466
917104456 36.3674164 127.3575745
917104457 36.3674427 127.3574281
917104459 36.3677408 127.3575107
917104461 36.3678991 127.3578324
917104442 36.3678577 127.3578638
W4-3
917104467 36.3680561 127.3571273
917104470 36.3680474 127.3574277
917104472 36.3683368 127.3574277
917104474 36.3683368 127.3573419
917104476 36.3682720 127.3573473
917104482 36.3682764 127.3572131
917104483 36.3682245 127.3572131
917104485 36.3682288 127.3571219
917104486 36.3682893 127.3570683
2325088062 36.3682706 127.3570306
2325088067 36.3681905 127.3568694
917104488 36.3681640 127.3568162
917104491 36.3680906 127.3568752
917104494 36.3681554 127.3569932
917104497 36.3681122 127.3570361
917104500 36.3681122 127.3571273
917104467 36.3680561 127.3571273
W4-4
917104504 36.3684275 127.3564126
917104506 36.3684232 127.3567720
917104507 36.3686090 127.3567881
2325088064 36.3686100 127.3567010
4643980012 36.3686103 127.3566784
917104508 36.3686133 127.3564233
917104511 36.3686737 127.3563858
917104513 36.3685269 127.3561015
917104526 36.3684707 127.3561497
917104528 36.3685744 127.3563697
917104530 36.3685442 127.3564233
917104504 36.3684275 127.3564126
E6-3
917104550 36.3701626 127.3647227
917104552 36.3700401 127.3654631
917104554 36.3698480 127.3654141
917104556 36.3699706 127.3646737
917104550 36.3701626 127.3647227
E6-2
917104557 36.3698235 127.3637997
917104558 36.3697155 127.3644488
917104559 36.3699488 127.3645132
917104560 36.3700611 127.3638641
917104557 36.3698235 127.3637997
E6-4
917104570 36.3706179 127.3639888
917104573 36.3705142 127.3646003
917104576 36.3706524 127.3646379
917104580 36.3705963 127.3649651
917104582 36.3704192 127.3649168
917104583 36.3704321 127.3648363
917104586 36.3703760 127.3648095
917104588 36.3703976 127.3647290
917104590 36.3703371 127.3647130
917104591 36.3703587 127.3645681
917104593 36.3702982 127.3645413
917104595 36.3704062 127.3639244
917104570 36.3706179 127.3639888
E6-5
917104605 36.3705661 127.3634535
917104608 36.3704970 127.3638666
917104610 36.3700348 127.3637593
917104614 36.3700564 127.3636198
917104617 36.3703069 127.3636896
917104621 36.3703587 127.3633999
917104605 36.3705661 127.3634535
W8
917104626 36.3701889 127.3593535
917104628 36.3703012 127.3595681
917104631 36.3701586 127.3597022
917104637 36.3702623 127.3598900
917104642 36.3698735 127.3602118
917104646 36.3695625 127.3596808
917104650 36.3696964 127.3595735
917104653 36.3699038 127.3599168
917104654 36.3700722 127.3597666
917104657 36.3699599 127.3595520
917104626 36.3701889 127.3593535
E13
917104679 36.3726635 127.3658703
917104681 36.3726635 127.3666643
917104682 36.3724259 127.3666589
917104686 36.3724346 127.3658650
917104679 36.3726635 127.3658703
E12
917104698 36.3712353 127.3640095
4627635190 36.3714741 127.3644741
4627635189 36.3714993 127.3644541
917104702 36.3716769 127.3647994
4627635193 36.3716018 127.3648590
4627635194 36.3715825 127.3648214
917104707 36.3713460 127.3650090
917104708 36.3710219 127.3643785
917104711 36.3711373 127.3642870
917104713 36.3710891 127.3641933
4627635192 36.3711219 127.3641673
4627635191 36.3710971 127.3641191
917104698 36.3712353 127.3640095
E10
917104724 36.3714136 127.3652368
917104733 36.3715073 127.3654389
917104734 36.3713137 127.3655773
917104737 36.3712200 127.3653752
917104724 36.3714136 127.3652368
E5
917104743 36.3694437 127.3632036
917104745 36.3695906 127.3634879
917104749 36.3695128 127.3635362
917104750 36.3694523 127.3635255
917104755 36.3693573 127.3635845
917104762 36.3693141 127.3638849
917104767 36.3690204 127.3641048
917104770 36.3689426 127.3639385
917104773 36.3689556 127.3638688
917104775 36.3689340 127.3637883
917104778 36.3689470 127.3637078
917104786 36.3689858 127.3636381
917104791 36.3692191 127.3634825
917104794 36.3692320 127.3633538
917104743 36.3694437 127.3632036
E7
917104808 36.3704406 127.3653768
917104809 36.3705831 127.3656396
917104810 36.3704363 127.3657469
917104811 36.3703239 127.3655109
917104813 36.3702894 127.3655001
917104817 36.3702332 127.3655323
917104820 36.3702030 127.3655055
917104826 36.3701814 127.3654465
917104830 36.3701814 127.3653660
917104833 36.3702030 127.3652695
917104835 36.3702548 127.3652480
917104838 36.3703067 127.3652963
917104839 36.3703239 127.3653499
917104842 36.3703153 127.3653982
917104853 36.3703974 127.3654197
917104808 36.3704406 127.3653768
N5
917104872 36.3744350 127.3630239
917104874 36.3744304 127.3640379
917104876 36.3736468 127.3640674
917104879 36.3736527 127.3630230
917104882 36.3738653 127.3630190
917104888 36.3738627 127.3637856
917104894 36.3742167 127.3637713
917104899 36.3742191 127.3630259
917104872 36.3744350 127.3630239
N25
917104913 36.3741460 127.3621846
917104929 36.3741420 127.3629379
917104934 36.3739200 127.3629361
917104941 36.3739232 127.3623427
917104945 36.3736430 127.3623404
917104949 36.3736474 127.3615174
917104953 36.3738456 127.3615190
917104956 36.3738421 127.3621821
917104913 36.3741460 127.3621846
N9
917104970 36.3744346 127.3612395
917104973 36.3744359 127.3621274
917104978 36.3740040 127.3621284
917104981 36.3740027 127.3612406
917104970 36.3744346 127.3612395
N4
917104993 36.3735899 127.3630089
917104999 36.3735903 127.3632177
917105010 36.3731635 127.3632192
917105013 36.3731615 127.3622928
917105017 36.3729879 127.3622934
917105021 36.3729873 127.3620172
917105024 36.3732099 127.3620164
917105027 36.3732102 127.3621915
917105029 36.3733970 127.3621909
917105033 36.3733988 127.3630096
917104993 36.3735899 127.3630089
N2
917105044 36.3731411 127.3633727
917105047 36.3731367 127.3639629
917105049 36.3729100 127.3639603
917105051 36.3729144 127.3633701
917105044 36.3731411 127.3633727
*NONAME*
917105061 36.3733117 127.3583032
917105065 36.3733074 127.3585071
917105067 36.3732037 127.3585017
917105070 36.3732037 127.3582979
917105061 36.3733117 127.3583032
*NONAME*
917105075 36.3731562 127.3580994
917105077 36.3731562 127.3584481
917105078 36.3730439 127.3584481
917105080 36.3730396 127.3580994
917105075 36.3731562 127.3580994
E15
917105084 36.3723788 127.3626227
917105085 36.3723745 127.3631967
917105088 36.3720937 127.3632021
917105091 36.3720333 127.3632718
917105093 36.3720246 127.3635025
917105101 36.3717266 127.3635025
917105102 36.3717309 127.3631002
917105103 36.3718994 127.3631055
917105104 36.3719641 127.3630465
917105106 36.3719728 127.3626227
917105084 36.3723788 127.3626227
E16
917105112 36.3716943 127.3616678
917105115 36.3719362 127.3620915
917105117 36.3717893 127.3622203
917105121 36.3716857 127.3620325
917105124 36.3716209 127.3620808
917105125 36.3715906 127.3621988
917105126 36.3715431 127.3622203
917105129 36.3714395 127.3621613
917105130 36.3714179 127.3620647
917105132 36.3713421 127.3619624
917105137 36.3715734 127.3617750
917105139 36.3715690 127.3617268
917105141 36.3716511 127.3616517
917105112 36.3716943 127.3616678
E11
917105146 36.3704283 127.3621025
4722075357 36.3705100 127.3622761
4722075356 36.3704695 127.3623114
2293588892 36.3705014 127.3623741
917105147 36.3707210 127.3628107
917105148 36.3704081 127.3630497
917105149 36.3700768 127.3623925
4643937321 36.3702437 127.3622528
917105146 36.3704283 127.3621025
N3
917105204 36.3729814 127.3611799
917105207 36.3729745 127.3615387
4725192829 36.3729308 127.3616905
2060606095 36.3728534 127.3618212
4725192828 36.3727107 127.3619171
2060606094 36.3725766 127.3619668
4725192827 36.3724525 127.3619661
917105211 36.3723369 127.3619319
4725192826 36.3722008 127.3618447
917105212 36.3720783 127.3617575
2060606093 36.3719196 127.3611703
917105204 36.3729814 127.3611799
N7
917105215 36.3728680 127.3576540
2325107687 36.3728680 127.3585624
917105228 36.3728680 127.3586196
917105231 36.3729544 127.3586303
917105236 36.3729458 127.3594242
917105241 36.3726910 127.3594081
917105245 36.3726866 127.3588610
917105247 36.3720690 127.3588717
917105249 36.3720603 127.3594189
917105253 36.3718660 127.3594135
2325107015 36.3718590 127.3587771
917105260 36.3718573 127.3586196
917105263 36.3720690 127.3586249
917105266 36.3720690 127.3581046
2325106011 36.3721985 127.3581006
917105269 36.3722461 127.3580992
917105270 36.3722504 127.3586356
917105271 36.3726910 127.3586249
2325107685 36.3726910 127.3585624
917105272 36.3726910 127.3576647
917105215 36.3728680 127.3576540
*NONAME*
917105288 36.3732469 127.3585178
917105292 36.3732426 127.3588182
917105297 36.3730871 127.3588182
917105299 36.3730914 127.3585071
917105288 36.3732469 127.3585178
E8
917105327 36.3714066 127.3676103
917105331 36.3716874 127.3673850
917105336 36.3717392 127.3669773
917105347 36.3716269 127.3669612
917105349 36.3715837 127.3672831
917105350 36.3714153 127.3674280
917105351 36.3712814 127.3671812
917105353 36.3714412 127.3670524
917105354 36.3714973 127.3667413
917105357 36.3713807 127.3667198
917105360 36.3713332 127.3669559
917105363 36.3712166 127.3670417
917105365 36.3710438 127.3666501
917105368 36.3710611 127.3664731
917105371 36.3713418 127.3662263
917105376 36.3714196 127.3663712
917105378 36.3713937 127.3665965
917105379 36.3715060 127.3666287
917105381 36.3715535 127.3663282
917105383 36.3714282 127.3661029
917105384 36.3714671 127.3660654
917105386 36.3713634 127.3658669
917105388 36.3714023 127.3656201
917105401 36.3712771 127.3655880
917105403 36.3712252 127.3658669
917105405 36.3713505 127.3661083
917105407 36.3711518 127.3662907
917105409 36.3710611 127.3661351
917105411 36.3711000 127.3658669
917105413 36.3709877 127.3658454
917105415 36.3709315 127.3661298
917105418 36.3710265 127.3663282
917105421 36.3709617 127.3664033
917105424 36.3710006 127.3664784
917105428 36.3709877 127.3666447
917105431 36.3708969 127.3667145
917105435 36.3709401 127.3668057
917105438 36.3707933 127.3669291
917105444 36.3707458 127.3672080
917105446 36.3708754 127.3672402
917105449 36.3709056 127.3670256
917105451 36.3710654 127.3669022
917105454 36.3711820 127.3671329
917105465 36.3709877 127.3672992
917105469 36.3709488 127.3675782
917105472 36.3710913 127.3676103
917105473 36.3711259 127.3673582
917105474 36.3712511 127.3672724
917105475 36.3713375 127.3674226
917105477 36.3713030 127.3674548
917105327 36.3714066 127.3676103
N11
917105515 36.3736050 127.3589938
4643946486 36.3736059 127.3592097
917105517 36.3736071 127.3594952
4628145993 36.3739111 127.3594934
917105519 36.3740757 127.3594924
917105521 36.3740737 127.3589910
917105515 36.3736050 127.3589938
N12
917105525 36.3740618 127.3595764
2294285765 36.3739105 127.3595765
917105526 36.3738465 127.3595765
4643946892 36.3738466 127.3597187
917105527 36.3738466 127.3598519
2294285565 36.3739518 127.3598543
917105528 36.3740619 127.3598518
917105525 36.3740618 127.3595764
*NONAME*
917105531 36.3742728 127.3596724
917105533 36.3741152 127.3596699
917105536 36.3741121 127.3599631
4625050416 36.3742313 127.3599650
917105538 36.3743444 127.3599668
917105543 36.3743465 127.3597659
917105551 36.3742719 127.3597647
917105531 36.3742728 127.3596724
N13
917105556 36.3729945 127.3598553
917105558 36.3729971 127.3602937
917105561 36.3734379 127.3602939
4725192835 36.3734398 127.3601499
4725192834 36.3733167 127.3601428
4725192833 36.3733171 127.3600085
4725192832 36.3733918 127.3600135
917105564 36.3733935 127.3598581
917105556 36.3729945 127.3598553
N16
917105585 36.3738677 127.3571829
917105588 36.3737577 127.3571825
917105590 36.3737568 127.3575259
917105594 36.3738181 127.3575261
917105595 36.3738174 127.3578557
917105596 36.3739295 127.3578561
917105600 36.3739306 127.3574376
917105602 36.3738671 127.3574374
917105585 36.3738677 127.3571829
N19
917105608 36.3737531 127.3564109
917105609 36.3737410 127.3570654
917105612 36.3739532 127.3570715
917105613 36.3739554 127.3569545
917105615 36.3738511 127.3569515
917105618 36.3738589 127.3565359
917105620 36.3739575 127.3565387
917105623 36.3739597 127.3564168
917105608 36.3737531 127.3564109
N19
917105641 36.3740102 127.3569410
917105645 36.3740094 127.3570693
917105649 36.3741890 127.3570712
917105653 36.3741934 127.3564166
917105655 36.3740189 127.3564148
917105657 36.3740181 127.3565415
917105660 36.3740802 127.3565421
917105662 36.3740775 127.3569417
917105641 36.3740102 127.3569410
N10
917105667 36.3744444 127.3601182
917105670 36.3739779 127.3601142
917105674 36.3739746 127.3607016
917105677 36.3744411 127.3607056
917105667 36.3744444 127.3601182
*NONAME*
917105698 36.3672316 127.3600421
917105700 36.3674174 127.3603801
917105702 36.3672068 127.3605565
917105706 36.3670329 127.3602192
917105698 36.3672316 127.3600421
N21
917105759 36.3760479 127.3583086
917105761 36.3760392 127.3587002
917105763 36.3759917 127.3587002
917105764 36.3759874 127.3589845
917105765 36.3758794 127.3589791
917105767 36.3758838 127.3585929
917105769 36.3759313 127.3585929
917105770 36.3759399 127.3583139
917105759 36.3760479 127.3583086
N20
917105794 36.3755632 127.3588804
917105797 36.3755632 127.3590306
917105800 36.3753386 127.3590306
917105801 36.3753386 127.3591111
917105803 36.3750103 127.3591111
917105804 36.3750103 127.3589609
917105806 36.3752220 127.3589609
917105808 36.3752263 127.3588697
917105794 36.3755632 127.3588804
N17
917105820 36.3743866 127.3585834
917105822 36.3743888 127.3588873
917105824 36.3744553 127.3588866
917105825 36.3744582 127.3592861
917105827 36.3743565 127.3592872
917105829 36.3743541 127.3589482
917105831 36.3742918 127.3589489
917105833 36.3742892 127.3585844
917105820 36.3743866 127.3585834
N18
917105839 36.3747805 127.3588961
917105857 36.3747826 127.3591841
917105860 36.3748513 127.3591833
917105864 36.3748541 127.3595666
917105867 36.3747416 127.3595678
917105870 36.3747393 127.3592558
917105872 36.3746748 127.3592565
917105877 36.3746722 127.3588973
917105839 36.3747805 127.3588961
N14
917105893 36.3738734 127.3580303
917105894 36.3738696 127.3584429
917105896 36.3738102 127.3584421
917105899 36.3738075 127.3587331
917105901 36.3736841 127.3587313
917105904 36.3736875 127.3583562
917105912 36.3737469 127.3583570
917105919 36.3737500 127.3580285
917105893 36.3738734 127.3580303
E9
917106073 36.3697601 127.3621498
917106077 36.3693171 127.3625032
917106080 36.3694931 127.3628398
917106083 36.3695731 127.3627812
917106086 36.3696249 127.3628778
917106090 36.3699057 127.3626525
917106092 36.3698539 127.3625559
917106095 36.3699403 127.3624915
917106073 36.3697601 127.3621498
E21
2060661613 36.3692386 127.3694251
4628030964 36.3693643 127.3696311
2060661595 36.3694474 127.3696989
2060661591 36.3696570 127.3694859
2060661610 36.3697286 127.3695847
2060661598 36.3696225 127.3696961
2060661601 36.3696533 127.3697437
4628030963 36.3695675 127.3698323
4628030962 36.3695962 127.3698538
2060661604 36.3693948 127.3699771
2060661607 36.3691214 127.3695397
2060661613 36.3692386 127.3694251
E4
2285953316 36.3677639 127.3637682
2285953322 36.3681084 127.3644563
2285953324 36.3686694 127.3640009
2285953320 36.3683076 127.3633283
2285953316 36.3677639 127.3637682
E20
2285965060 36.3726326 127.3669544
2285965062 36.3725117 127.3669436
2285965057 36.3725117 127.3670348
2285965058 36.3725333 127.3671689
2285965061 36.3725981 127.3671743
2285965059 36.3726542 127.3670724
2285965060 36.3726326 127.3669544
W16
2288730414 36.3655338 127.3621696
2288730415 36.3656677 127.3622125
2288730413 36.3656073 127.3625880
2288730416 36.3655101 127.3625317
2288730417 36.3654863 127.3624807
2288730414 36.3655338 127.3621696
W2-1
2288732853 36.3674116 127.3599747
2288732851 36.3673257 127.3600337
2288732834 36.3675144 127.3603989
2288732845 36.3674496 127.3604632
2288732840 36.3675058 127.3606188
2288732857 36.3675374 127.3607620
2288732838 36.3675417 127.3609024
2288732847 36.3675360 127.3610211
2288732842 36.3675303 127.3611257
2288732836 36.3676319 127.3611415
2288732849 36.3676699 127.3609728
2288732861 36.3676699 127.3608065
2288732864 36.3676440 127.3606617
2288732859 36.3676137 127.3605276
2288732863 36.3675586 127.3603878
2288732855 36.3676051 127.3603506
2288732853 36.3674116 127.3599747
W6
2288737774 36.3706978 127.3553138
2288737775 36.3703134 127.3552763
2288737779 36.3703134 127.3556196
2288737782 36.3703696 127.3558181
2288737783 36.3704387 127.3558342
2288737776 36.3704603 127.3559844
2288737778 36.3707194 127.3560166
2288737777 36.3707367 127.3559307
2288737780 36.3705596 127.3558825
2288737781 36.3705337 127.3557484
2288737784 36.3704473 127.3557323
2288737785 36.3704387 127.3554694
2288737773 36.3707065 127.3553514
2288737774 36.3706978 127.3553138
W11
2288744081 36.3720757 127.3563492
2288744085 36.3721189 127.3563760
2288744082 36.3719505 127.3566549
2288744079 36.3719030 127.3566228
2288744081 36.3720757 127.3563492
E2
2325030440 36.3674521 127.3642694
2325030439 36.3672472 127.3644288
2325030441 36.3673551 127.3646281
634528967 36.3675444 127.3644550
2325030440 36.3674521 127.3642694
E6
2325055259 36.3703031 127.3646322
4676336864 36.3695955 127.3644435
2325055262 36.3695737 127.3645696
4676335330 36.3702813 127.3647584
2325055259 36.3703031 127.3646322
W12
2325073989 36.3686942 127.3571786
2325073986 36.3685041 127.3572322
2325073988 36.3685473 127.3573610
2325073987 36.3687028 127.3572966
2325073989 36.3686942 127.3571786
W7
2325081014 36.3711131 127.3557946
2325081018 36.3709640 127.3558047
2325081017 36.3709748 127.3558804
2325081015 36.3711954 127.3558589
2325081016 36.3711972 127.3557679
2325081014 36.3711131 127.3557946
W4
2325088061 36.3687676 127.3567923
917104507 36.3686090 127.3567881
917104506 36.3684232 127.3567720
2325088060 36.3683659 127.3567870
4643980011 36.3682308 127.3568505
2325088067 36.3681905 127.3568694
2325088062 36.3682706 127.3570306
4643980013 36.3683088 127.3570063
2325088066 36.3684004 127.3569479
2325088065 36.3687158 127.3569694
2325088061 36.3687676 127.3567923
W3
2325088831 36.3676963 127.3579189
2325088835 36.3677794 127.3578551
917104451 36.3678119 127.3579213
917104449 36.3677834 127.3579430
2325088830 36.3676161 127.3580635
2325088833 36.3675143 127.3581393
917104386 36.3673222 127.3583343
2325088829 36.3672867 127.3582539
2325088834 36.3674848 127.3580832
2325088832 36.3675850 127.3579998
2325088831 36.3676963 127.3579189
W1
634537408 36.3657178 127.3613354
634537400 36.3655660 127.3613027
2325089642 36.3653292 127.3612931
2325089644 36.3652372 127.3612767
2325089643 36.3652247 127.3613562
2325089648 36.3656877 127.3614808
634537408 36.3657178 127.3613354
N1
2325103531 36.3743666 127.3651685
2325103532 36.3740834 127.3651743
2325103536 36.3740856 127.3653625
2325103535 36.3740132 127.3653624
2325103534 36.3740139 127.3662224
2325103533 36.3743676 127.3662207
4627616337 36.3743663 127.3656028
2325103531 36.3743666 127.3651685
N7-3
917105231 36.3729544 127.3586303
917105236 36.3729458 127.3594242
917105241 36.3726910 127.3594081
917105245 36.3726866 127.3588610
917105271 36.3726910 127.3586249
917105231 36.3729544 127.3586303
N7-4
2325107686 36.3728753 127.3585572
2325107687 36.3728680 127.3585624
917105215 36.3728680 127.3576540
917105272 36.3726910 127.3576647
2325107685 36.3726910 127.3585624
2325107686 36.3728753 127.3585572
Automobile Technology Laboratory
2325108294 36.3733030 127.3580101
2325108297 36.3731647 127.3580047
2325108293 36.3731647 127.3574897
2325108296 36.3733332 127.3575004
2325108295 36.3733332 127.3575916
2325108298 36.3733030 127.3575916
2325108294 36.3733030 127.3580101
N15
2325113231 36.3749745 127.3596891
2325113230 36.3748622 127.3597052
2325113228 36.3748579 127.3600271
2325113229 36.3749788 127.3600164
2325113231 36.3749745 127.3596891
화폐박물관 (Currency Museum)
368734343 36.3776994 127.3702855
2336866014 36.3776996 127.3707538
2336866012 36.3776349 127.3707539
2336866013 36.3776350 127.3708001
2336866007 36.3775035 127.3708001
2336866006 36.3775035 127.3707494
2336866005 36.3774052 127.3707495
2336866004 36.3774050 127.3702807
2336866009 36.3775049 127.3702806
2336866008 36.3775049 127.3702458
2336866010 36.3776342 127.3702457
2336866011 36.3776343 127.3702856
368734343 36.3776994 127.3702855
W1
634537408 36.3657178 127.3613354
2325089645 36.3657285 127.3612585
2325089646 36.3658735 127.3612877
634537393 36.3660267 127.3611599
2325089647 36.3660966 127.3612955
634537397 36.3659288 127.3614343
634537395 36.3657501 127.3613851
634537408 36.3657178 127.3613354
W4
2325088061 36.3687676 127.3567923
2325088063 36.3687806 127.3567172
2325088064 36.3686100 127.3567010
917104507 36.3686090 127.3567881
2325088061 36.3687676 127.3567923
W11
2288744081 36.3720757 127.3563492
2288744086 36.3720887 127.3561507
2288744084 36.3719893 127.3558986
2288744078 36.3718036 127.3555660
2288744083 36.3717431 127.3556947
2288744080 36.3719332 127.3559361
2288744087 36.3719850 127.3559790
2293467780 36.3720333 127.3561762
2288744081 36.3720757 127.3563492
KISTI
4032217152 36.3660784 127.3581863
4032217153 36.3658787 127.3583489
4032217154 36.3661962 127.3589668
4032217155 36.3664058 127.3588083
4032217152 36.3660784 127.3581863
N13-1
4531167489 36.3729967 127.3604116
4531167490 36.3734339 127.3604049
4531167491 36.3734366 127.3609632
4531167492 36.3729999 127.3609771
4531167489 36.3729967 127.3604116
N0
4531169248 36.3736655 127.3665782
4531169249 36.3736677 127.3666860
4531169250 36.3735591 127.3666887
4531169251 36.3735591 127.3665809
4531169248 36.3736655 127.3665782
*NONAME*
2325103531 36.3743666 127.3651685
4627616337 36.3743663 127.3656028
4627616338 36.3744990 127.3655947
4627616339 36.3744978 127.3651608
2325103531 36.3743666 127.3651685
*NONAME*
917105132 36.3713421 127.3619624
4632029565 36.3710688 127.3623876
910330697 36.3709663 127.3626225
910330690 36.3712998 127.3627432
917105129 36.3714395 127.3621613
917105130 36.3714179 127.3620647
917105132 36.3713421 127.3619624
한국생명공학연구원 본관
4634121359 36.3773781 127.3592510
4634121360 36.3773668 127.3595359
4634121361 36.3773066 127.3595452
4634121362 36.3773066 127.3596386
4634121363 36.3766524 127.3596480
4634121364 36.3766524 127.3595359
4634121365 36.3765847 127.3595219
4634121366 36.3765847 127.3592417
4634121359 36.3773781 127.3592510
한국생명공학연구원 연구동
4634134806 36.3775308 127.3567895
4634134807 36.3766621 127.3567806
4634134808 36.3766583 127.3573533
4654747501 36.3769412 127.3573586
4654747504 36.3769524 127.3569746
4654747500 36.3770629 127.3569726
4654747503 36.3772328 127.3569691
4654747502 36.3772341 127.3573508
4634134809 36.3775269 127.3573622
4634134806 36.3775308 127.3567895
자원동
4634147432 36.3775842 127.3580935
4634147433 36.3774243 127.3581052
4634147434 36.3773835 127.3579455
4634147435 36.3772424 127.3579416
4634147436 36.3772455 127.3580974
4634147437 36.3772236 127.3586894
4634147438 36.3773145 127.3587167
4634147439 36.3773114 127.3591062
4634147440 36.3775403 127.3591023
4634147441 36.3775372 127.3587362
4634147442 36.3775372 127.3586622
4634147443 36.3775905 127.3586700
4634147432 36.3775842 127.3580935
식당동
4634147444 36.3769790 127.3575754
4634147445 36.3766403 127.3575871
4634147446 36.3766277 127.3578559
4634147447 36.3769758 127.3578520
4634147444 36.3769790 127.3575754
기숙사동
4634147449 36.3784897 127.3570763
4634147450 36.3788103 127.3573403
4634147451 36.3783420 127.3580562
4634147452 36.3782483 127.3579085
4634147453 36.3784428 127.3575595
4634147454 36.3785869 127.3573761
4634147455 36.3783924 127.3572374
4634147449 36.3784897 127.3570763
W4-2
4634753897 36.3674348 127.3568356
4634753898 36.3671729 127.3569982
4634753899 36.3670397 127.3574120
4634753911 36.3671656 127.3574423
4634753900 36.3673467 127.3574859
4634753901 36.3673753 127.3574002
4634753902 36.3671896 127.3573558
4634753903 36.3672206 127.3570750
4634753904 36.3674729 127.3569154
4634753897 36.3674348 127.3568356
W4-1
4634753899 36.3670397 127.3574120
4634753905 36.3667207 127.3576160
4634753906 36.3666421 127.3579352
4634753907 36.3668659 127.3579943
4634753908 36.3668945 127.3579116
4634753909 36.3667731 127.3578820
4634753910 36.3667802 127.3576810
4634753911 36.3671656 127.3574423
4634753899 36.3670397 127.3574120
*NONAME*
4634771747 36.3752152 127.3681628
4634771748 36.3751475 127.3681605
4634771749 36.3751062 127.3681605
4634771750 36.3750874 127.3681301
4634771751 36.3750573 127.3681745
4634771752 36.3750798 127.3682142
4634771753 36.3750817 127.3682586
4634771754 36.3750498 127.3682609
4634771755 36.3750516 127.3682936
4634771756 36.3749708 127.3682959
4634771757 36.3749821 127.3676234
4634771758 36.3749181 127.3676164
4634771759 36.3749163 127.3675581
4634771760 36.3747865 127.3675557
4634771761 36.3747358 127.3674904
4634771762 36.3746756 127.3675604
4634771763 36.3746079 127.3675581
4634771764 36.3746061 127.3676281
4634771765 36.3745553 127.3676912
4634771766 36.3745985 127.3677565
4634771767 36.3745985 127.3677986
4634771768 36.3747828 127.3678102
4634771769 36.3747828 127.3682002
4634771770 36.3747395 127.3682819
4634771771 36.3746813 127.3682843
4634771772 36.3746794 127.3683683
4634771773 36.3745873 127.3683706
4634771774 36.3745854 127.3684921
4634771775 36.3746719 127.3684944
4634771809 36.3746628 127.3691412
4634771776 36.3746625 127.3691669
4634771777 36.3747677 127.3691739
4634771778 36.3747659 127.3693467
4634771779 36.3748486 127.3693467
4634771780 36.3748730 127.3693864
4634771781 36.3749163 127.3694074
4634771782 36.3749746 127.3693934
4634771783 36.3750028 127.3693607
4634771784 36.3750968 127.3693584
4634771785 36.3750986 127.3690945
4634771786 36.3748448 127.3690922
4634771787 36.3748523 127.3686041
4634771788 36.3749595 127.3685971
4634771789 36.3749670 127.3684734
4634771790 36.3750460 127.3684734
4634771791 36.3750498 127.3686812
4634771792 36.3751268 127.3686812
4634771793 36.3751400 127.3687116
4634771794 36.3751757 127.3687326
4634771795 36.3752020 127.3687186
4634771796 36.3752096 127.3686765
4634771797 36.3751926 127.3686532
4634771798 36.3751701 127.3686368
4634771799 36.3752039 127.3686345
4634771747 36.3752152 127.3681628
*NONAME*
4634771776 36.3746625 127.3691669
4634771800 36.3745459 127.3691645
4634771801 36.3745271 127.3699841
4634771802 36.3742489 127.3699748
4634771803 36.3742601 127.3696572
4634771804 36.3742000 127.3695755
4634771805 36.3742620 127.3694985
4634771806 36.3742639 127.3690151
4634771807 36.3745459 127.3690198
4634771808 36.3745478 127.3691459
4634771809 36.3746628 127.3691412
4634771776 36.3746625 127.3691669
*NONAME*
4643898155 36.3644725 127.3589744
4643898156 36.3648063 127.3587322
4643898157 36.3651026 127.3593004
4643898158 36.3648963 127.3594680
4643898164 36.3649330 127.3595267
4643898165 36.3650100 127.3596719
4643898159 36.3648700 127.3597936
4643898160 36.3647013 127.3594750
4643898161 36.3646525 127.3595146
4643898162 36.3645869 127.3593702
4643898163 36.3646357 127.3593306
4643898155 36.3644725 127.3589744
*NONAME*
4643982679 36.3643281 127.3583085
4643982680 36.3644457 127.3585019
4643982681 36.3642191 127.3586802
4643982682 36.3641101 127.3585040
4643982679 36.3643281 127.3583085
Hanbit Plaza
4643988460 36.3635000 127.3564455
4643988461 36.3635900 127.3567457
4643988462 36.3639716 127.3565632
4643988463 36.3638839 127.3562659
4643988460 36.3635000 127.3564455
벤처동
4654748436 36.3779384 127.3581127
4654748437 36.3777871 127.3581219
4654748438 36.3777747 127.3587535
4654748439 36.3779334 127.3587628
4654748436 36.3779384 127.3581127
*NONAME*
4701170620 36.3637822 127.3585446
4701170621 36.3638119 127.3586119
4701170622 36.3638300 127.3585991
4701170623 36.3638649 127.3586809
4701170624 36.3639501 127.3586232
4701170625 36.3638855 127.3585141
4701170626 36.3638662 127.3585013
4701170627 36.3638416 127.3585045
4701170620 36.3637822 127.3585446
*NONAME*
4701170628 36.3639783 127.3588562
4701170629 36.3639065 127.3586947
4701170630 36.3639695 127.3586525
4701170632 36.3640472 127.3587965
4701170631 36.3640375 127.3588176
4701170628 36.3639783 127.3588562
*NONAME*
4701170633 36.3638735 127.3587007
4701170634 36.3639492 127.3588670
4701170635 36.3638735 127.3589152
4701170636 36.3637977 127.3587501
4701170633 36.3638735 127.3587007
*NONAME*
4701170637 36.3637638 127.3585573
4701170638 36.3636706 127.3586211
4701170643 36.3637289 127.3587573
4701170639 36.3637366 127.3587754
4701170640 36.3638298 127.3587127
4701170637 36.3637638 127.3585573
*NONAME*
4701170638 36.3636706 127.3586211
4701170641 36.3635891 127.3586778
4701170642 36.3636463 127.3588152
4701170643 36.3637289 127.3587573
4701170638 36.3636706 127.3586211
*NONAME*
4701170641 36.3635891 127.3586778
4701170644 36.3634881 127.3587489
4701170645 36.3635512 127.3588959
4701170646 36.3636502 127.3588248
4701170641 36.3635891 127.3586778
*NONAME*
4701170647 36.3634794 127.3587381
4701170648 36.3633833 127.3588007
4701170649 36.3634503 127.3589502
4701170650 36.3635425 127.3588887
4701170647 36.3634794 127.3587381
*NONAME*
4701170648 36.3633833 127.3588007
4701170651 36.3632969 127.3588586
4701170652 36.3633668 127.3590129
4701170660 36.3633838 127.3590022
4701170653 36.3634532 127.3589586
4701170648 36.3633833 127.3588007
*NONAME*
4701170651 36.3632969 127.3588586
4701170654 36.3632028 127.3589261
4701170655 36.3631969 127.3589538
4701170656 36.3632814 127.3590767
4701170652 36.3633668 127.3590129
4701170651 36.3632969 127.3588586
*NONAME*
4701170656 36.3632814 127.3590767
4701170657 36.3633746 127.3592093
4701170658 36.3634231 127.3592190
4701170659 36.3634697 127.3591864
4701170660 36.3633838 127.3590022
4701170656 36.3632814 127.3590767
*NONAME*
4701170660 36.3633838 127.3590022
4701170661 36.3634774 127.3591973
4701170662 36.3635580 127.3591418
4701170663 36.3634736 127.3589466
4701170660 36.3633838 127.3590022
*NONAME*
4701170664 36.3635667 127.3591334
4701170665 36.3634862 127.3589490
4701170666 36.3635823 127.3588839
4701170667 36.3636648 127.3590671
4701170664 36.3635667 127.3591334
*NONAME*
4701170666 36.3635823 127.3588839
4701170667 36.3636648 127.3590671
4701170668 36.3637570 127.3590032
4701170669 36.3636764 127.3588176
4701170666 36.3635823 127.3588839
*NONAME*
4701170670 36.3637647 127.3589948
4701170671 36.3636900 127.3588212
4701170636 36.3637977 127.3587501
4701170635 36.3638735 127.3589152
4701170670 36.3637647 127.3589948
*NONAME*
4701170672 36.3639153 127.3584490
4701170673 36.3639623 127.3585149
4701170674 36.3640963 127.3583885
4701170675 36.3640284 127.3582913
4701170676 36.3639588 127.3583550
4701170677 36.3639814 127.3583874
4701170672 36.3639153 127.3584490
*NONAME*
4701170678 36.3635978 127.3584123
4701170679 36.3636309 127.3584771
4701170680 36.3636570 127.3584598
4701170681 36.3636804 127.3585030
4701170682 36.3637866 127.3584274
4701170683 36.3637979 127.3583928
4701170684 36.3637457 127.3583032
4701170678 36.3635978 127.3584123
*NONAME*
4701170685 36.3637109 127.3582729
4701170686 36.3636665 127.3581930
4701170687 36.3635386 127.3582869
4701170688 36.3635526 127.3583118
4701179089 36.3635404 127.3583215
4701179090 36.3635726 127.3583766
4701170685 36.3637109 127.3582729
*NONAME*
4701179091 36.3636483 127.3581681
4701179092 36.3635961 127.3580774
4701179093 36.3634586 127.3581930
4701179094 36.3635065 127.3582848
4701179091 36.3636483 127.3581681
*NONAME*
4701179095 36.3635787 127.3580493
4701179096 36.3635404 127.3579823
4701179097 36.3633986 127.3581001
4701179098 36.3634482 127.3581822
4701179099 36.3634943 127.3581433
4701179100 36.3634856 127.3581260
4701179095 36.3635787 127.3580493
*NONAME*
4701179101 36.3635231 127.3579660
4701179102 36.3634044 127.3580639
4701179103 36.3633568 127.3579815
4701179104 36.3634755 127.3578816
4701179101 36.3635231 127.3579660
*NONAME*
4701179105 36.3632959 127.3578748
4701179106 36.3633443 127.3579601
4701179107 36.3634661 127.3578583
4701179108 36.3634161 127.3577720
4701179105 36.3632959 127.3578748
*NONAME*
4701179109 36.3632904 127.3578661
4701179110 36.3632428 127.3577798
4701179111 36.3633646 127.3576751
4701179112 36.3634138 127.3577624
4701179109 36.3632904 127.3578661
*NONAME*
4701179113 36.3632327 127.3577585
4701179114 36.3631796 127.3576625
4701179115 36.3632975 127.3575587
4701179116 36.3633537 127.3576547
4701179113 36.3632327 127.3577585
*NONAME*
4701193057 36.3631758 127.3581032
4701193059 36.3632402 127.3582209
4701193060 36.3633743 127.3581059
4701193061 36.3633084 127.3579910
4701193057 36.3631758 127.3581032
*NONAME*
4701193059 36.3632402 127.3582209
4701193062 36.3632995 127.3583285
4701193063 36.3634299 127.3582108
4701193060 36.3633743 127.3581059
4701193059 36.3632402 127.3582209
*NONAME*
4701193062 36.3632995 127.3583285
4701193064 36.3633543 127.3584279
4701193065 36.3634832 127.3583147
4701193063 36.3634299 127.3582108
4701193062 36.3632995 127.3583285
*NONAME*
4701193066 36.3633625 127.3584389
4701193067 36.3634106 127.3585263
4701193068 36.3635476 127.3584132
4701193069 36.3634987 127.3583202
4701193066 36.3633625 127.3584389
*NONAME*
4701193070 36.3634158 127.3585336
4701193071 36.3634558 127.3586137
4701193072 36.3635224 127.3586275
4701193073 36.3636306 127.3585502
4701193074 36.3635610 127.3584132
4701193070 36.3634158 127.3585336
*NONAME*
4703403452 36.3706689 127.3645502
917104576 36.3706524 127.3646379
4703403453 36.3707063 127.3654001
4703403454 36.3708266 127.3654324
4703403455 36.3708315 127.3654021
4703403456 36.3709063 127.3654263
4703403457 36.3710119 127.3647601
4703403458 36.3709453 127.3646148
4703403452 36.3706689 127.3645502
E3-2
4731570334 36.3688164 127.3647685
4731570335 36.3688429 127.3648239
4731570336 36.3688680 127.3648083
4731570337 36.3691161 127.3652773
4731570338 36.3690910 127.3652998
4731570339 36.3691286 127.3653639
4731570340 36.3688276 127.3655923
4731570341 36.3690534 127.3660181
4731570342 36.3689307 127.3661168
4731570343 36.3689014 127.3660562
4731570344 36.3688610 127.3660873
4731570364 36.3686364 127.3656653
4731570362 36.3686069 127.3656100
4731570345 36.3685830 127.3655650
4731570346 36.3687797 127.3654127
4731570347 36.3688032 127.3654569
4731570348 36.3689444 127.3653481
4731570349 36.3686966 127.3648602
4731570358 36.3687517 127.3648181
4731570357 36.3687847 127.3647928
4731570334 36.3688164 127.3647685
*NONAME*
4731570350 36.3681683 127.3650893
4731570351 36.3681389 127.3652726
4731570352 36.3680990 127.3652617
4731570353 36.3681279 127.3650813
4731570350 36.3681683 127.3650893
*NONAME*
4731570356 36.3687159 127.3646557
4731570357 36.3687847 127.3647928
4731570358 36.3687517 127.3648181
4731570359 36.3686847 127.3646802
4731570356 36.3687159 127.3646557
*NONAME*
4731570362 36.3686069 127.3656100
4731570363 36.3683973 127.3657784
4731570360 36.3684278 127.3658332
4731570364 36.3686364 127.3656653
4731570362 36.3686069 127.3656100
